% Intrinsic and Extrinsic Camera Parameters
%
% This script file can be directly excecuted under Matlab to recover the camera intrinsic and extrinsic parameters.
% IMPORTANT: This file contains neither the structure of the calibration objects nor the image coordinates of the calibration points.
%            All those complementary variables are saved in the complete matlab data file Calib_Results.mat.
% For more information regarding the calibration model visit http://www.vision.caltech.edu/bouguetj/calib_doc/


%-- Focal length:
fc = [ 524.187605487465250 ; 556.222089240469700 ];

%-- Principal point:
cc = [ 353.098127464881490 ; 126.022222370687960 ];

%-- Skew coefficient:
alpha_c = 0.000000000000000;

%-- Distortion coefficients:
kc = [ 0.095758813633246 ; 0.278925788124261 ; -0.108441610848740 ; 0.007410782873474 ; 0.000000000000000 ];

%-- Focal length uncertainty:
fc_error = [ 20.525396975547238 ; 25.683369283644026 ];

%-- Principal point uncertainty:
cc_error = [ 5.338850484359571 ; 19.297195729302199 ];

%-- Skew coefficient uncertainty:
alpha_c_error = 0.000000000000000;

%-- Distortion coefficients uncertainty:
kc_error = [ 0.086407090484515 ; 0.268529880089814 ; 0.015729302807943 ; 0.005510647690951 ; 0.000000000000000 ];

%-- Image size:
nx = 640;
ny = 480;


%-- Various other variables (may be ignored if you do not use the Matlab Calibration Toolbox):
%-- Those variables are used to control which intrinsic parameters should be optimized

n_ima = 40;						% Number of calibration images
est_fc = [ 1 ; 1 ];					% Estimation indicator of the two focal variables
est_aspect_ratio = 1;				% Estimation indicator of the aspect ratio fc(2)/fc(1)
center_optim = 1;					% Estimation indicator of the principal point
est_alpha = 0;						% Estimation indicator of the skew coefficient
est_dist = [ 1 ; 1 ; 1 ; 1 ; 0 ];	% Estimation indicator of the distortion coefficients


%-- Extrinsic parameters:
%-- The rotation (omc_kk) and the translation (Tc_kk) vectors for every calibration image and their uncertainties

%-- Image #1:
omc_1 = [ -7.434405e-04 ; -4.570090e-01 ; 1.187402e+00 ];
Tc_1  = [ -4.159335e+00 ; -8.796435e-01 ; 8.897592e+01 ];
omc_error_1 = [ 4.393522e-02 ; 3.992843e-02 ; 8.148658e-03 ];
Tc_error_1  = [ 9.261022e-01 ; 3.096202e+00 ; 3.711233e+00 ];

%-- Image #2:
omc_2 = [ 2.685896e-01 ; -2.273081e-02 ; 1.849106e+00 ];
Tc_2  = [ 2.867631e+01 ; 1.013943e+01 ; 8.671486e+01 ];
omc_error_2 = [ 5.148681e-02 ; 5.542742e-02 ; 1.045769e-02 ];
Tc_error_2  = [ 9.079088e-01 ; 3.075300e+00 ; 3.989021e+00 ];

%-- Image #3:
omc_3 = [ 1.316216e-01 ; 1.271596e-01 ; 1.964101e+00 ];
Tc_3  = [ 3.207648e+01 ; 1.287573e+01 ; 9.089820e+01 ];
omc_error_3 = [ 7.956325e-02 ; 7.820309e-02 ; 1.214858e-02 ];
Tc_error_3  = [ 9.881426e-01 ; 3.235840e+00 ; 4.302787e+00 ];

%-- Image #4:
omc_4 = [ -3.484246e-01 ; 6.806640e-01 ; 2.115671e+00 ];
Tc_4  = [ 3.575752e+01 ; 2.055584e+01 ; 1.027975e+02 ];
omc_error_4 = [ 4.313345e-02 ; 5.660356e-02 ; 1.090527e-02 ];
Tc_error_4  = [ 1.118786e+00 ; 3.672934e+00 ; 4.636484e+00 ];

%-- Image #5:
omc_5 = [ 6.755040e-01 ; -2.040449e-01 ; 1.601137e+00 ];
Tc_5  = [ 1.795088e+01 ; -2.291552e+00 ; 8.406014e+01 ];
omc_error_5 = [ 3.611107e-02 ; 3.606794e-02 ; 1.018188e-02 ];
Tc_error_5  = [ 8.398365e-01 ; 2.950928e+00 ; 3.836008e+00 ];

%-- Image #6:
omc_6 = [ 7.214957e-01 ; -1.538310e-01 ; 1.631808e+00 ];
Tc_6  = [ 1.931709e+01 ; -7.292939e-01 ; 8.445366e+01 ];
omc_error_6 = [ 3.585671e-02 ; 3.644704e-02 ; 1.076652e-02 ];
Tc_error_6  = [ 8.458554e-01 ; 2.966922e+00 ; 3.897273e+00 ];

%-- Image #7:
omc_7 = [ 2.944517e-01 ; 3.552498e-01 ; 1.990976e+00 ];
Tc_7  = [ 2.647960e+01 ; 1.059633e+01 ; 9.330592e+01 ];
omc_error_7 = [ 8.392401e-02 ; 7.673077e-02 ; 1.861560e-02 ];
Tc_error_7  = [ 1.122243e+00 ; 3.319102e+00 ; 4.522695e+00 ];

%-- Image #8:
omc_8 = [ -4.531723e-01 ; 6.152776e-01 ; 2.101113e+00 ];
Tc_8  = [ 2.161488e+01 ; 2.119014e+01 ; 1.087285e+02 ];
omc_error_8 = [ 5.632363e-02 ; 6.594812e-02 ; 1.361379e-02 ];
Tc_error_8  = [ 1.154961e+00 ; 3.802156e+00 ; 4.684943e+00 ];

%-- Image #9:
omc_9 = [ -1.064509e-01 ; -1.952443e-01 ; 1.530698e+00 ];
Tc_9  = [ 5.329746e+00 ; -2.351122e+00 ; 1.108795e+02 ];
omc_error_9 = [ 8.014539e-02 ; 8.378051e-02 ; 8.314701e-03 ];
Tc_error_9  = [ 1.152380e+00 ; 3.837534e+00 ; 4.529521e+00 ];

%-- Image #10:
omc_10 = [ -2.178245e-01 ; -3.703254e-01 ; 1.180132e+00 ];
Tc_10  = [ -5.639234e+00 ; -7.096233e+00 ; 1.092141e+02 ];
omc_error_10 = [ 5.573189e-02 ; 5.962212e-02 ; 9.670150e-03 ];
Tc_error_10  = [ 1.106861e+00 ; 3.793788e+00 ; 4.372855e+00 ];

%-- Image #11:
omc_11 = [ -2.043897e-01 ; -6.494046e-01 ; 8.840078e-01 ];
Tc_11  = [ -1.349843e+01 ; -6.928434e+00 ; 1.047619e+02 ];
omc_error_11 = [ 4.186107e-02 ; 3.657159e-02 ; 1.139207e-02 ];
Tc_error_11  = [ 1.059673e+00 ; 3.666919e+00 ; 4.287470e+00 ];

%-- Image #12:
omc_12 = [ 8.518938e-01 ; -5.742287e-01 ; 1.494971e+00 ];
Tc_12  = [ 2.166599e+00 ; 4.544507e+00 ; 7.914594e+01 ];
omc_error_12 = [ 3.757788e-02 ; 3.686853e-02 ; 1.585399e-02 ];
Tc_error_12  = [ 8.374694e-01 ; 2.742664e+00 ; 3.625599e+00 ];

%-- Image #13:
omc_13 = [ 4.368709e-01 ; -2.157850e-01 ; 1.827855e+00 ];
Tc_13  = [ 2.220527e+01 ; 6.031388e+00 ; 8.752203e+01 ];
omc_error_13 = [ 4.055838e-02 ; 4.490503e-02 ; 9.876436e-03 ];
Tc_error_13  = [ 8.863556e-01 ; 3.066439e+00 ; 3.859686e+00 ];

%-- Image #14:
omc_14 = [ -6.770903e-01 ; 6.496945e-01 ; 1.626504e+00 ];
Tc_14  = [ 1.442563e+01 ; 1.413758e+01 ; 1.119838e+02 ];
omc_error_14 = [ 5.705850e-02 ; 6.091169e-02 ; 2.028857e-02 ];
Tc_error_14  = [ 1.181190e+00 ; 3.889286e+00 ; 4.589720e+00 ];

%-- Image #15:
omc_15 = [ -5.399520e-01 ; 4.010428e-01 ; 1.377765e+00 ];
Tc_15  = [ 5.880921e+00 ; -2.146586e+00 ; 1.158769e+02 ];
omc_error_15 = [ 4.143048e-02 ; 4.132005e-02 ; 1.223558e-02 ];
Tc_error_15  = [ 1.187649e+00 ; 4.019798e+00 ; 4.335578e+00 ];

%-- Image #16:
omc_16 = [ -4.980338e-01 ; 3.329519e-01 ; 1.316245e+00 ];
Tc_16  = [ 3.059119e+00 ; -3.780436e+00 ; 1.156058e+02 ];
omc_error_16 = [ 4.419124e-02 ; 4.290464e-02 ; 1.202543e-02 ];
Tc_error_16  = [ 1.182586e+00 ; 4.013105e+00 ; 4.345412e+00 ];

%-- Image #17:
omc_17 = [ -1.016794e+00 ; 1.208409e-01 ; 7.406522e-01 ];
Tc_17  = [ -2.638691e+01 ; 7.711614e+00 ; 1.151252e+02 ];
omc_error_17 = [ 3.939066e-02 ; 2.952910e-02 ; 1.486394e-02 ];
Tc_error_17  = [ 1.271044e+00 ; 4.089897e+00 ; 4.582756e+00 ];

%-- Image #18:
omc_18 = [ -5.870245e-01 ; 7.378670e-01 ; 1.718342e+00 ];
Tc_18  = [ 2.381703e+01 ; 1.204961e+01 ; 1.094314e+02 ];
omc_error_18 = [ 3.531612e-02 ; 4.261178e-02 ; 1.297285e-02 ];
Tc_error_18  = [ 1.152275e+00 ; 3.827841e+00 ; 4.339335e+00 ];

%-- Image #19:
omc_19 = [ -6.748013e-01 ; 6.562618e-01 ; 1.553455e+00 ];
Tc_19  = [ 1.887379e+01 ; 9.453694e+00 ; 1.150521e+02 ];
omc_error_19 = [ 3.586613e-02 ; 3.971656e-02 ; 1.296471e-02 ];
Tc_error_19  = [ 1.201185e+00 ; 4.006182e+00 ; 4.371777e+00 ];

%-- Image #20:
omc_20 = [ -6.421266e-01 ; -3.599992e-01 ; 1.341172e+00 ];
Tc_20  = [ -1.668120e+01 ; -9.798110e-01 ; 1.223382e+02 ];
omc_error_20 = [ 4.610170e-02 ; 4.885663e-02 ; 1.336132e-02 ];
Tc_error_20  = [ 1.283467e+00 ; 4.268992e+00 ; 4.758655e+00 ];

%-- Image #21:
omc_21 = [ -3.439230e-01 ; -6.092400e-01 ; 1.445067e+00 ];
Tc_21  = [ -1.644703e+01 ; -8.552627e+00 ; 1.113367e+02 ];
omc_error_21 = [ 4.569292e-02 ; 4.970196e-02 ; 1.222016e-02 ];
Tc_error_21  = [ 1.164562e+00 ; 3.894125e+00 ; 4.493579e+00 ];

%-- Image #22:
omc_22 = [ 2.730215e-01 ; -5.600514e-01 ; 1.476888e+00 ];
Tc_22  = [ 3.411513e+00 ; -8.283215e+00 ; 8.710541e+01 ];
omc_error_22 = [ 3.743812e-02 ; 3.611149e-02 ; 8.660253e-03 ];
Tc_error_22  = [ 8.925429e-01 ; 3.039016e+00 ; 3.695534e+00 ];

%-- Image #23:
omc_23 = [ 3.425192e-01 ; -2.460220e-01 ; 1.652467e+00 ];
Tc_23  = [ 1.465328e+01 ; 8.538876e+00 ; 9.281103e+01 ];
omc_error_23 = [ 4.243275e-02 ; 4.353764e-02 ; 9.807908e-03 ];
Tc_error_23  = [ 9.632713e-01 ; 3.226789e+00 ; 3.966657e+00 ];

%-- Image #24:
